```text
Time | Clock | Reset | Count
----------------------------
2000  |   0   |   1   | 0000
10000 |   0   |   0   | 0001
20000 |   0   |   0   | 0010
30000 |   0   |   0   | 0011
40000 |   0   |   0   | 0100
50000 |   0   |   0   | 0101
60000 |   0   |   0   | 0110
70000 |   0   |   0   | 0111
80000 |   0   |   0   | 1000
90000 |   0   |   0   | 1001
100000|   0   |   0   | 1010
110000|   0   |   0   | 1011
120000|   0   |   0   | 1100
130000|   0   |   0   | 1101
140000|   0   |   0   | 1110
150000|   0   |   0   | 1111
160000|   0   |   0   | 0000
```
